Webots Project File version R2020a
perspectives: 000000ff00000000fd000000030000000000000320000003d0fc0100000004fc00000000ffffffff0000000000fffffffc0200000001fb00000012005300630065006e006500540072006500650100000019000003f10000000000000000fb0000001e00480074006d006c0052006f0062006f007400570069006e0064006f00770000000000000003200000000000000000fb0000001e00480074006d006c0052006f0062006f007400570069006e0064006f00770000000000000003200000000000000000fb0000001a0044006f00630075006d0065006e0074006100740069006f006e0000000000ffffffff0000005400ffffff000000010000009c000002c6fc0200000001fb0000001400540065007800740045006400690074006f00720100000015000002c60000009d00ffffff000000030000078000000104fc0100000001fb0000000e0043006f006e0073006f006c00650100000000000007800000005400ffffff000006de000002c600000004000000040000000100000008fc00000000
simulationViewPerspectives: 000000ff000000010000000200000118000004de0100000006010000000101
sceneTreePerspectives: 000000ff0000000100000002000000d6000000fc0100000006010000000201
maximizedDockId: -1
centralWidgetVisible: 1
selectionDisabled: 0
viewpointLocked: 0
orthographicViewHeight: 1
textFiles: 4 "controllers/youbotlol/youbotlol.c" "libraries/youbot_control/src/base.c" "controllers/mavic2pro_lol/mavic2pro_lol.c" "../../Desktop/study/EE183DB/Webots_experienments/controllers/camera_recognition/camera_recognition.c" "controllers/my_controller_hound/my_controller_hound.c" "controllers/hound_controller/hound_controller.c"
renderingDevicePerspectives: Mavic 2 PRO:camera;1;0.133333;0;0
renderingDevicePerspectives: e-puck:camera;1;0.820513;0;0
